matrix A=
0	12	67	23	3	204	211	44	166	117	
199	132	154	236	192	72	182	245	0	222	
96	159	90	218	42	3	112	158	190	229	
188	190	241	255	214	244	204	169	33	114	
31	232	246	185	213	182	2	139	171	2	
105	12	162	195	230	204	198	86	106	132	
59	39	66	44	38	24	33	242	194	66	
101	225	42	91	154	255	18	156	138	189	
159	243	201	65	182	175	13	124	6	120	
0	65	159	67	110	197	91	143	184	29	
matrix B=
209	29	254	251	120	153	251	138	53	133	
72	212	121	17	21	47	193	35	172	199	
155	172	8	58	239	118	255	75	5	183	
104	214	212	103	210	77	0	205	215	53	
82	31	10	203	49	31	251	242	66	167	
185	221	83	193	23	67	56	23	142	61	
206	246	20	163	93	230	240	93	179	199	
147	5	231	157	209	24	188	204	10	255	
115	195	220	198	132	244	9	188	11	151	
250	217	142	14	124	235	244	108	73	167	
Multiply array A by array B
 The result A=
149901	174052	91344	122247	91173	141587	120532	88021	85086	126627	
257580	226782	217437	209544	219741	183681	310827	231014	158891	265648	
197531	215674	204284	147466	181190	180797	202613	183586	123389	209141	
278697	284514	215689	249110	226582	194567	321536	232308	194337	278766	
172699	213776	164423	179448	172916	123707	207581	185411	126229	213785	
223419	225849	155880	210714	175230	176046	235985	197529	141616	206570	
118683	98709	140547	118887	122766	101066	121314	129262	40820	146421	
202846	211587	188806	178858	135334	145821	213426	166605	130299	207753	
187537	179954	148786	157569	141612	117468	249311	147509	114458	205954	
149935	167687	120243	151701	129591	119658	149188	134445	83474	163171	
After Median filter
The result B=
200417	195744	191798	165895	162634	162634	162634	139711	142759	142759	
206602	204284	204284	181190	180797	181190	183586	158891	158891	142759	
242181	217437	215689	215689	194567	202613	202613	202613	209141	201739	
214725	213776	213776	181190	180797	194567	194567	194337	194337	201739	
224634	215689	213776	179448	179448	194567	197529	197529	197529	200453	
193237	164423	164423	164423	172916	172916	176046	141616	146421	144018	
207216	188806	178858	155880	145821	145821	166605	141616	146421	144018	
183745	179954	157569	141612	135334	135334	145821	130299	146421	138360	
183745	179954	167687	148786	141612	141612	147509	147509	147509	146735	
173820	158811	154635	145199	135601	135601	140977	140977	140977	138814	
